yash:2019-07-27 17:02:49.363208
pranav:2019-07-27 17:02:49.609224
wadiboi:2019-07-27 17:02:55.759827
